Star     Type  Teff   logN_Be sig_Be   logN_Li
HD_9826    1   6212        1.05    0.13           2.55
HD_10647   1   6143        1.19    0.10           2.80
HD_10697   1   5641        1.31    0.13           1.96
HD_16141   1   5801        1.17    0.13           1.11
HD_17051   1   6252        1.03    0.13           2.66
HD_19994   1   6109        0.93    0.12           1.99
HD_52265   1   6103        1.25    0.11           2.88
HD_92799   1   5821        1.19    0.11           1.34
HD_95128   1   5924        1.23    0.11           1.83
HD_108147  1   6248        0.99    0.10           2.33
HD_114762  1   5884        0.82    0.11           2.20
HD_117176  1   5560        0.86    0.13           1.88
HD_121504  1   6075        1.33    0.11           2.65
HD_143761  1   5853        1.11    0.12           1.46
HD_179949  1   6260        1.08    0.10           2.65
HD_187123  1   5845        1.08    0.12           1.21
HD_195019  1   5842        1.15    0.12           1.47
HD_202206  1   5752        1.04    0.11           1.04
HD_209458  1   6117        1.24    0.11           2.70
HD_217014  1   5804        1.02    0.12           1.30
HD_1581    2   5956        1.15    0.11           2.37
HD_3823    2   5948        1.02    0.12           2.41
HD_7570    2   6140        1.17    0.10           2.91
HD_20010   2   6275        1.01    0.10           2.13
HD_30495   2   5768        1.16    0.11           2.44
HD_36435   2   5479        0.99    0.12           1.67
HD_38858   2   5752        1.02    0.11           1.64
HD_43162   2   5633        1.08    0.11           2.34
HD_43834   2   5594        0.94    0.11           2.30
HD_74576   2   5000        0.70    0.31           1.72
HD_76151   2   5803        1.02    0.11           1.88
HD_85117   2   6167        1.11    0.11           2.64
HD_211415  2   5890        1.12    0.10           1.92
